34
80
1
51
95
73
18
5
28
28
31
31
59
40
78
70
69
28
36
45
15
43
3
81
86
11
69
90
22
33
48
37
68
85
64
96
20
31
93
85
68
80
44
3
29
83
12
74
60
59
56
49
35
38
31
53
57
95
54
47
52
54
91
35
46
33
42
62
33
58
43
22
26
95
68
96
74
14
62
82
4
95
73
43
40
100
66
14
53
2
31
99
6
75
58
3
18
74
58
40
47
76
38
73
85
73
10
85
81
38
40
55
79
72
97
21
64
76
80
34
90
42
70
62
48
100
51
2
32
4
40
59
3
55
89
41
91
33
18
60
100
100
11
32
89
22
14
86
100
36
59
95
20
16
23
74
3
95
44
96
67
2
86
19
97
32
64
68
1
95
22
23
1
43
94
61
23
28
93
12
30
83
76
7
71
43
47
88
84
27
14
81
52
13
26
60
90
80
47
40
86
65
71
55
45
27
15
10
92
4
2
47
77
42
94
28
47
80
64
19
37
78
2
19
51
27
49
52
55
51
39
88
45
48
95
68
0
10
82
89
45
11
95
14
43
39
7
71
9
4
26
88
51
77
40
91
45
63
28
4
46
51
62
22
18
53
30
47
33
27
66
62
92
68
39
19
59
68
52
37
21
3
10
54
0
16
20
26
29
96
96
82
21
15
85
98
61
43
81
58
85
21
88
45
3
74
33
50
20
72
49
46
70
44
34
71
81
56
73
8
61
11
38
35
48
14
9
76
20
15
49
4
80
62
70
21
38
28
47
9
83
49
89
79
34
0
66
46
24
36
33
44
22
88
61
38
0
31
6
86
50
97
57
18
89
67
37
97
89
15
79
37
45
79
76
59
60
18
14
53
24
10
50
89
36
63
33
43
14
31
66
52
79
21
35
94
63
10
90
69
4
14
70
80
63
37
93
69
45
68
42
27
39
70
79
31
36
46
99
67
36
40
49
72
77
14
23
47
72
93
51
16
11
14
48
29
70
1
73
24
3
57
68
73
39
58
64
2
41
74
2
1
7
27
94
63
67
43
50
68
76
88
43
12
86
73
6
73
8
16
89
35
0
16
48
33
11
47
90
55
80
26
55
9
100
100
87
86
14
83
1
41
43
12
26
98
33
56
89
1
73
18
49
60
39
24
56
5
87
24
63
91
80
80
39
25
7
85
74
45
34
96
10
88
51
35
97
100
15
97
2
66
16
31
14
76
73
42
56
25
48
80
61
14
61
15
5
31
12
92
38
90
27
5
19
58
34
67
66
75
78
40
54
46
43
88
39
64
27
8
78
10
59
93
65
61
0
93
17
87
66
67
93
68
18
95
40
61
81
24
53
54
2
29
26
17
96
77
0
98
63
69
56
74
51
14
10
57
5
49
12
29
18
13
27
1
11
96
78
51
77
77
43
18
0
39
15
27
54
19
23
38
66
16
73
53
89
55
93
90
45
68
1
93
37
11
25
62
83
80
15
25
74
60
68
46
4
31
65
22
71
14
48
2
10
35
43
77
55
33
99
82
70
18
59
61
65
74
90
21
95
76
99
79
92
0
81
50
42
6
9
61
49
78
7
63
18
48
26
70
16
46
36
24
29
62
38
74
57
44
42
66
67
90
47
1
51
38
66
0
42
99
15
97
43
31
100
84
45
68
93
73
17
85
73
45
97
11
85
83
42
91
100
57
11
80
8
13
11
78
38
70
61
70
31
24
2
84
54
37
73
11
33
66
44
41
17
71
64
51
92
47
85
68
66
40
93
24
58
55
91
39
32
91
21
70
3
12
34
61
10
15
36
47
82
21
76
94
83
78
35
52
78
16
18
77
56
47
56
61
51
64
29
65
53
38
7
3
70
82
59
2
54
49
23
17
22
88
83
21
13
98
100
18
33
78
27
51
9
2
66
97
43
22
5
90
79
97
3
11
43
91
13
50
77
51
16
27
76
40
24
52
44
96
71
41
90
50
0
68
27
44
26
49
62
23
35
56
10
35
15
40
51
53
93
22
17
51
18
29
53
40
35
49
62
62
75
56
96
3
75
26
23
50
19
90
25
73
52
37
76
57
39
21
56
66
81
72
54
29
48
87
94
45
64
62
17
37
58
29
24
18
42
67
87
38
12
1
93
68
59
93
0
85
1
51
57
14
43
36
50
50
90
10
5
1
54
59
53
40
99
61
33
84
7
51
18
71
32
44
60
63
31
77
81
86
14
69
79
92
64
86
81
3
48
37
54
4
8
71
11
43
60
2
83
90
97
31
74
100
